10
  0   8  10 999  16 999 999  18  21  24
  8   0 999   9  11 999  14 999 999  20
 10 999   0   5 999   6 999  15  12 999
999   9   5   0  13  12 999  14 999 999
 16  11 999  13   0  11  10 999 999  15
999 999   6  12  11   0   7  13 999 999
999  14 999 999  10   7   0 999  15  20
 18 999  15  14 999  13 999   0   7 999
 21 999  12 999 999 999  15   7   0   9
 24  20 999 999  15 999  20 999   9   0