7
  0   8  10 999 999 999 999
  8   0 999   9  11 999 999
 10 999   0   5 999 999 999
999   9   5   0  13  12 999
999  11 999  13   0  11  10
999 999 999  12  11   0   7
999 999 999 999  10   7   0